HIHI = [8 6 0 1 5 2 ; 2 8 1 0 4 1 ; 4 6 8 1 0 4 ; 9 1 5 1 2 3 ; 9 8 1 5 2 1 ; 9 1 5 2 5 1 ; 8 3 1 6 2 5]
a = HIHI (1,3) 
b = HIHI (2,3)
c = HIHI (3,3)
d = HIHI (4,3)
e = HIHI (5,3)
f = HIHI (6,3)
g = HIHI (7,3)
x (:,1) = [a;b;c;d;e;f;g]
